L = [
106.003;
-106.005;
-106.003;
-106.003;
-106.001;
106.003;
106.001;
106.001;
0.002;
-109.998;
-110.001;
0.002;
-0.004;
110.004;
109.997;
0
];

A = [
1, 4912.629, 205.856, 0, 0, 0;
0, 0, 0, 1, 4912.629, 205.856;
1, 204.668, 205.640, 0, 0, 0;
0, 0, 0, 1, 204.668, 205.640;
1, 204.791, 4914.272, 0, 0, 0;
0, 0, 0, 1, 204.791, 4914.272;
1, 4912.632  4914.509, 0, 0, 0
0, 0, 0, 1, 4912.632  4914.509;
1, 2558.684, 116.985, 0, 0, 0;
0, 0, 0, 1, 2558.684, 116.985;
1, 115.881, 2559.997, 0, 0, 0;
0, 0, 0, 1, 115.881, 2559.997;
1, 2558.602, 5003.264, 0, 0, 0;
0, 0, 0, 1, 2558.602, 5003.264;
1, 5001.301, 2560.220, 0, 0, 0;
0, 0, 0, 1, 5001.301, 2560.220;
];

X = (A'*A)\A'*L;
